
%Initial state vector (at nominal steady-state): 

>> format short e

>> Xinit'

ans =

   1.0000e-02  % state no. 1 is x1 (composition reboiler)
   1.4261e-02
   1.9724e-02
   2.6693e-02
   3.5531e-02
   4.6651e-02
   6.0506e-02
   7.7558e-02
   9.8234e-02
   1.2285e-01
   1.5154e-01
   1.8415e-01
   2.2016e-01
   2.5871e-01
   2.9861e-01
   3.3850e-01
   3.7702e-01
   4.1298e-01
   4.4553e-01
   4.7416e-01
   4.9872e-01  % state no. 21 is x21 (composition feed stage)
   5.2649e-01
   5.5776e-01
   5.9216e-01
   6.2904e-01
   6.6751e-01
   7.0650e-01
   7.4489e-01
   7.8163e-01
   8.1583e-01
   8.4687e-01
   8.7439e-01
   8.9830e-01
   9.1870e-01
   9.3585e-01
   9.5007e-01
   9.6174e-01
   9.7124e-01
   9.7891e-01
   9.8507e-01
   9.9000e-01  % state no. 41 is x41 (composition condenser)
   5.0000e-01  % state no. 42 is M1 (holdup reboiler)
   5.0000e-01
   5.0000e-01
   5.0000e-01
   5.0000e-01
   5.0000e-01
   5.0000e-01
   5.0000e-01
   5.0000e-01
   5.0000e-01
   5.0000e-01
   5.0000e-01
   5.0000e-01
   5.0000e-01
   5.0000e-01
   5.0000e-01
   5.0000e-01
   5.0000e-01
   5.0000e-01
   5.0000e-01
   5.0000e-01
   5.0000e-01
   5.0000e-01
   5.0000e-01
   5.0000e-01
   5.0000e-01
   5.0000e-01
   5.0000e-01
   5.0000e-01
   5.0000e-01
   5.0000e-01
   5.0000e-01
   5.0000e-01
   5.0000e-01
   5.0000e-01
   5.0000e-01
   5.0000e-01
   5.0000e-01
   5.0000e-01
   5.0000e-01
   5.0000e-01  % state no. 82 is M82 (holdup condenser)



